100471136
2893596556
439898902
26303602
220228167
436292177
393986838
168692355
56761423
49291607
65659343
295026890
94816809
80018213
95384719
2904379626
2887900697
63682454
614156493
2303045042
613321095
444110887
2674501586
226324223
189537051
149072269
286036879
823365258
1150262846
1948690705
455094209
2223520974
406973231
18839785
440172131
882187549
163416194
2164222592
36977710
33733378
366947884
533514944
713600472
60074902
326127948
44345790
162695362
161294974
227580852
137643970
92708272
45839236
17754063
72857723
347806037
67602060
59808841
53556894
60887804
288890719
165510264
27238177
66075817
111871312
57885908
404710379
417768910
97614907
51376979
201165988
372794426
79915337
80808008
99137799
161297639
228825198
50982425
151104572
201315742
312648645
56631494
74937547
228370791
21957826
107012281
20609518
53555106
39025488
161375943
64526820
96101258
113352671
99642673
50570152
40441273
69914008
44635677
103603559
127488383
27602673
56304605
40884854
15044593
53355887
132385468
57998991
113419517
115341081
88856792
18681139
87170183
145125358
57928790
101311381
5520952
34568673
2752658943
2920621501
258703448
34197952
405427035
380969847
435107849
113278275
17940246
602276016
471741741
52344859
192981351
309066576
83102012
84316208
13982132
5402612
4898091
5988062
20751449
41898533
6509832
38647512
83529586
37034483
759251
3108351
34713362
39585367
17369110
9624742
14224719
813286
306079246
1462307755
210663553
16983244
87174678
12626962
281098567
51399831
38644586
137017726
2149178965
76294950
84352985
2427418736
105710210
195703895
631232364
2915766225
2166981841
22256645
1349082427
14182050
35695228
65396670
19897138
24741517
15485441
121044171
14569416
2500955780
61480826
1133857237
381674024
41364508
902534288
2912482723
2378120209
306913219
14511951
224497862
1542533869
226061405
1715202757
539718132
136304297
2729506932
42573217
281933720
2561057052
104172388
2811163692
468229219
2751519697
251521725
151610720
283916211
17602896
50624953
88147848
2656307786
2629029998
179954523
2457729746
557812978
1606048885
41533440
317034396
58761257
117660277
18872373
102323621
2736669494
183173838
26232162
41769296
1114200326
1653237805
58897829
17465040
410207788
600244924
2369030473
181769935
1728354864
216299334
190692903
2691687737
236919812
613212519
2555162437
2555420611
43577869
138387944
18236594
468479147
33697419
27827917
283411624
99806132
2425231
111615736
19929890
97865628
460424188
14120922
2177710981
2239944644
33868638
101695592
122022996
52968498
15077962
18173624
15687962
613626869
3646911
17483878
17525171
16312576
18950402
20108560
41549052
17768307
27042513
2593064281
47459700
85772748
133880286
20015311
56336341
769727912
368220699
2343696026
551624298
47786101
18948541
61156375
110025421
23002923
34951988
89399520
108253263
426927447
26759984
185827887
24573827
38403110
17471979
428333
366592246
51690631
134758540
23074840
113655005
22910295
79708561
56913467
183230911
61609661
56788480
38272447
118957997
101314413
95385188
633489511
1652526218
454741745
57966000
61253025
327249308
391974513
266848888
54329000
371168030
195856688
98881088
92906057
1649783658
116035614
16385632
950165300
102382667
32546266
67335911
68497896
25778044
94163409
33801019
54829997
118741702
213956693
113596124
90413046
45553357
135421739
2336636964
389974129
2953705848
533475949
417632438
264698351
172631831
58403004
1196254680
2838021185
232378544
57097104
2854263475
57024049
2290244552
44588485
1010682756
208016688
1227253801
482658470
551149727
370699216
1316811403
92732248
87195262
2469605695
29282980
316330717
59091145
285633016
2790054920
92726549
15846407
19397785
48990944
71285253
7748402
231033118
1391566592
1930031612
2441121587
494747331
183523924
118201804
2529498025
115290697
1217017676
440036961
28532485
18238260
50271716
581579728
58777972
231124462
107318424
70121180
182245191
700568101
103770785
1677305616
1419867823
615202601
116412043
2414206130
78022296
31085640
124071913
58141433
366163677
54828720
157306380
349473986
490442018
1388909042
210358191
564493394
128899044
1559820331
1469786928
21447363
1492538024
1240205280
207997374
613696125
452638864
134577421
1347211842
467348923
34889807
1417790576
1389541915
565050501
1410243661
1333934839
64049044
1387776013
79165596
545035454
757113872
55520719
80404504
1266602670
58897898
18075135
575188047
54676777
456862468
118989667
122928781
19895282
111996202
28427374
112099774
559675462
1020181844
125085094
15947602
76750204
61452947
52011360
110519213
62591681
52551600
44686477
30829649
124258971
155151279
233430873
228019276
79293791
108382988
18863815
14230524
16409683
247171208
171151563
14523801
144755081
22434929
380847666
63386679
71340639
98581590
471938739
68138422
44632954
115913494
329631227
66306024
58519250
334454261
19859554
1187412534
378321566
36740980
310688497
76994938
1126229780
987029701
87429447
37342539
216102753
328630711
310679156
83212615
158694495
28412286
138130741
560687886
1183057788
1415639448
33366449
17947552
156505041
998389195
50261095
29950358
2432156600
2481283506
460486206
329060424
2314959096
145976579
250397029
117063289
23061619
150166938
47367839
518557386
53327408
866601630
66092787
294499000
831842796
144771485
114707587
43077400
113309511
192190586
207888272
1320600308
71201743
1853932387
198822465
388272261
15941979
30973
115621365
518297890
1463648768
85542370
271828899
80474525
440429701
1623452995
899576600
1083287305
628682401
214924885
138822469
87517131
20627764
212332850
557970866
628627468
628678521
597301440
116097606
222809335
212332547
149373397
44105634
92724677
92945681
91527470
61851897
367263377
417671438
281314358
548531463
78598071
101990878
31239408
42945141
115649566
63796828
49573859
25839890
131442654
118024094
74594552
43568964
87484569
448909969
31348594
86254626
23655357
17482727
246153945
122995784
210238655
2474268174
149760844
171117515
168606635
2911000602
16807299
52369385
335891957
57325473
32718488
123774113
157903916
417815864
35440351
256495314
30631766
105435026
97383279
53313935
61197829
245353570
971638856
1892921766
180505807
131102007
598049566
114685387
199110089
29417719
52171246
47291133
1081213921
15483485
1966339926
158701304
1675184682
136500242
83159014
416714582
204886691
612449478
130368147
65302831
370425922
46868027
142994213
407397848
586361294
596344490
17556763
929466350
142977623
595211619
843112550
194213012
144400550
23283603
1282429782
112723185
543237067
53635971
130684475
164596794
40342628
108936259
105210222
44597179
75544059
754613281
40453512
1059740360
374526155
43042353
95023423
53790896
18210579
49712658
30947351
36334838
479809444
564311836
212181588
41067945
116392212
45112524
26589987
14934818
213969309
116817856
60627223
57188977
35150939
488751763
492893104
34278813
21414413
131088894
99448420
58173133
185142711
210792232
17381587
279449435
95386370
193419784
235589511
177547780
45452226
181951185
248627231
71487564
83181928
21425125
107650489
21150961
176295495
234681940
117313881
69640160
72827017
17685964
67575861
184647530
128155589
45025729
16081782
134332645
158275442
21135496
50943008
17717614
108252113
40885516
20449410
92424604
131693484
99735551
77888423
19608718
126657041
70663487
53378633
109275593
65304953
92211391
87118217
78941611
16542390
116423810
84276772
15639696
20936932
2583583465
301398093
61458407
143409075
3002789437
2833119062
17097223
46376581
17850606
2613904818
190198721
213592442
255146572
369369184
479775933
543428326
761288928
877337100
884204340
908006329
1021453040
1057079534
1111367492
1396623188
1548355052
1694885089
1695705630
1900770338
2201641562
2231338957
2259182946
2410111879
2455987260
2541673915
2849514897
2992111989
2251588934
2427057066
254937160
841116259
2570642840
2599676406
2585154385
2381667174
120293182
2526794479
369245377
18814998
2686770528
1669854782
2645220206
131574396
2588841246
2687482074
1221365126
2687516120
2574232910
1897514666
2299677025
2524501124
148275530
295833852
2506662439
2597666894
2587240482
373280952
85221650
2558684335
1251083774
57948579
2713703797
137780376
378056166
1288175774
347035710
141208596
2595957175
166665752
287156977
2477802067
2785480981
2765974980
2253142422
2589318188
93766096
303735625
2428796856
468122115
571878474
1966507722
23951197
2686834802
2597494213
15010349
2222673457
2534310320
2596143056
15007149
1225696320
122994639
2602959463
2597413135
2541363451
37869117
1056850669
1100927498
58243368
1324334436
1072993274
1856414335
77732185
130104041
243023355
97217966
2183816041
219617448
1346439824
1867843520
1919510694
2208395131
1910442534
849477276
811276070
295663598
1170885648
972197358
33464913
757372008
794593244
273310244
1409687894
939091
97913631
561335546
441636351
18344173
1244137812
1066064184
936695288
1154869812
1119384594
920488039
24705126
266991549
14159148
3416421
590152667
15762708
16511394
205622130
17874544
27860681
147493686
153810519
30313925
164213375
3082178636
3037911175
20161130
2561729586
25645618
3092985637
1681324362
2937047437
1530005245
2855311212
1264788474
1881813218
3075183698
93622144
226078390
442782547
70372279
571010612
3035189114
2584146452
1623733680
817079870
270561150
122383094
48352892
2412623683
2321300388
38479920
1015853671
920504605
2936010270
1222704571
389618622
217749900
1463270089
14401607
525821517
1471557410
25953968
2317893037
8236062
35518161
65669494
270918691
912939991
2541454744
15220721
15677036
2961072877
15691415
35408278
64643056
838795892
11348282
14196754
76425792
116677732
19515424
134392824
8161232
303387318
1953177924
301147914
56363343
626484363
1101201253
1246005841
86145402
2911575590
57091925
29726331
626419045
13176312
57161371
279116445
2423789670
437699219
1534534748
2577694273
341564121
1951849920
38386519
558619589
729547316
1416069666
129801455
1734254712
121512640
15333047
6385432
18013397
2699486108
141118941
379159592
234689633
2447169258
14236327
37903908
20483941
383292900
2800946753
278732408
262487011
138211591
175711277
278093318
383684745
236826818
1360093747
225925425
76075215
2829675991
1495012892
58402108
2803882561
491369739
1326345252
56837321
91353229
72644227
2283546180
47586577
2560565119
57575253
98251054
917457446
2493966260
257234051
255036797
839148522
120118913
2481592362
6325
1585420476
76989319
1387649660
721978153
621910498
361735022
2721283308
2429621586
2340231942
1230454567
2705989574
69229721
14264830
15629999
17734669
28731417
1969386194
46152541
154493261
26779967
19653892
497711875
784503846
27769549
1538425746
1703512044
120650021
2562983779
2315286403
629097517
20230698
1021937828
202955111
317905461
2227090819
2603022240
42350663
475240870
55542463
2542738640
554203040
154557055
426435621
314231514
62936536
18083079
858731294
269598401
70740491
38745651
583363973
17466546
48822718
52273466
15648008
20109638
145457051
44157405
169234609
75643597
34386656
48760392
93819415
26593873
2562423612
385497393
37960608
170471039
330696541
27081142
1027204009
2552772012
20511583
29536873
986249204
117732057
159400168
499465952
863405239
306026226
343569315
572225652
101928122
2503191451
1296189475
33872072
31102690
439474225
15758787
37753385
45087019
159934106
41188689
34572686
1695513908
56324823
1173376406
351375574
193562627
157730313
16530463
264579898
163931074
2437986002
532372007
16909049
190585838
1338383641
427905721
74816881
103043879
2347901448
186242206
2380878649
267133547
17189782
606706153
49878266
25057200
2365274334
282180698
39651945
203574239
204832963
495851295
899276406
557555403
40616807
1246787958
906718357
361178158
259611023
564325293
18535985
221093045
2377037520
329746058
373489013
371922866
166217943
8443752
821045162
632391705
599684967
160936287
132083416
166085880
135416525
320099525
1288913264
28107369
95513855
23676971
28383739
22565699
2228115786
601702373
560304024
2165195168
29451600
1323710562
444898768
384951334
1112159760
34301349
438658947
1149206214
132623038
1175936372
387770442
2237603617
2304259718
1240061772
172669376
46875416
376969750
1201661238
1715638082
2217833666
16655829
23014234
137998679
165371622
1236903644
94194183
623953786
9629222
336060258
108138485
107523807
1437621476
1051502011
73076710
1244602262
33173672
335534204
50680916
155910275
1194437443
491195550
364574923
63111025
90812874
1729171446
74130151
461802946
95377752
90628174
823557487
394776256
737965705
278928318
500634061
424963200
32469132
63409768
1695811202
27408079
24519364
483852893
45814013
28571971
135599167
1618714368
798277
424252056
85449536
38655938
20812233
153784150
751225243
18194898
20060293
36944050
508318765
34672679
78597349
132037287
39696388
226592297
1338922963
331548507
60156632
212497835
314792669
140699869
53935477
35798784
17587172
67686246
393907774
427690973
1651198790
49481844
265928625
558411267
614159032
161945592
41248642
282969198
1043875388
1605483390
74617852
29534491
237696445
17781165
181574457
123283058
111099072
82619508
21613850
23948532
124730481
540561984
41885153
201008089
126218409
180387968
116562141
1139196254
264257750
99566941
386261313
633262485
213831149
1315663232
74638737
24703701
26793054
465319343
786361184
300755895
545327794
187233570
166281537
86977881
114893339
204476383
140420416
20801351
90969697
153106590
46726590
133402153
121913001
56903757
41156810
1440641
119287397
347276851
236444024
128242818
376631285
251951689
132341780
374488302
49158444
37784274
298457517
915211501
593963313
1303624099
121677709
836213647
502053267
22195029
167340419
506989206
917282340
101148143
418278818
1243479774
70767723
86981664
83173696
92478853
182615021
58138787
314040976
31557106
36476014
149049698
19322989
271998432
491097885
37388390
57897148
967475304
41063938
19040875
20687655
229240058
241201926
611787778
449118223
145931959
83665853
767581892
15203462
240649814
297160906
972401971
22748403
423953621
622632533
568824094
245304162
24963963
821547620
26723103
19715173
12323752
356857076
313165404
474975836
413245223
24729677
261090708
991746414
75854417
757359614
132302279
106485105
545203713
212181399
30826229
167693668
40995743
19438795
261471205
24963961
63876030
917993948
153856476
30577497
41330123
103583291
888383773
44628558
256894488
41265813
79035431
46830061
18205527
219319369
278978059
72544065
343879592
56154743
153327612
18044487
234052165
621635829
32876210
346115442
193154678
53056324
362602304
42666406
15392486
373471064
17629762
552152857
65553560
217518231
137429309
705891548
109241992
520053104
32956000
64947724
37036242
132361499
266566762
81818106
551084081
17895820
15473958
594812493
761022390
109712693
180821354
20011166
65290135
337438713
274540240
31505219
43845681
78890094
351752318
349802849
40110360
612473
180131034
534114721
27055945
622360891
101171750
15608117
41097723
630974349
576366545
93777223
89260471
89282999
96350467
539322426
43404267
177643755
599532886
358464377
14791255
412712649
20260104
139921027
21824474
53913779
590124784
109567059
289218608
239267224
293544024
254058989
10228272
568845028
208200688
143501580
12298812
87020265
143059261
22488192
239378925
17603461
73720521
73920391
18530134
15179351
21881086
58696440
20736917
22129677
76018147
65464755
23687576
78342481
69502130
31119205
361139958
19058681
64760815
111237080
482759837
36070562
20987208
19667265
250805353
14954410
24338756
18114323
16432960
23357290
16438248
72581909
241047402
39549418
39805399
479036064
174199345
12521052
37622334
17309850
38609580
14870741
23306750
137386517
26540417
32963865
34372032
41814169
22844603
14126834
20070557
20629192
54524616
16143507
75361610
23756565
48168973
44164244
149741178
143765429
20250565
22945756
407137170
38627806
107544554
52175509
105803556
20154994
87754597
12324982
241385312
505624137
24741784
25165748
44801463
28391536
116589491
526256506
94833341
240485326
14678271
55168954
17522770
22015525
143188728
73235258
89065836
88141953
39148769
53136861
24355095
113719484
57671815
61126132
114980505
43849429
86457198
19897890
16302561
18882020
28307619
47562301
209250340
484434001
485398972
30111601
44668946
238145381
75244376
432093
74580436
220821139
64366597
76988258
102594466
22179561
178817276
244108863
273828999
35865024
22554510
42257680
128044583
16895274
30395024
41552881
454711989
135379251
742143
236282213
20749860
213988401
127169087
33189473
391684374
140108025
292151747
41545005
21776508
22478188
441119497
163952496
13443952
37118832
17842366
45853379
94530194
85360837
84528296
14689108
62844258
34554134
427625539
324034540
80880190
71615489
17738613
143439806
74751456
291557277
35721263
332188446
15597047
24638332
70652594
345243539
60247413
121366894
177475566
252060455
24359645
23444563
25966181
359890808
241104234
16507391
274325818
344416241
70406723
10810102
53097744
41799998
117647643
47753886
77559042
136374243
707913
39289288
37011941
20582958
114040486
873847190
59490293
1595561010
15941955
384923143
17773720
34113439
2718041192
2482427622
63076720
385072666
1604444052
1397767897
377064146
429570086
243284052
1128952327
18725415
31583882
492598570
1093404122
360667833
19940791
875964955
1114623954
15650636
26883683
1003857624
40932856
58528137
138600717
81690879
256573865
777177709
393303530
15738974
72196877
85616395
21786618
22971125
381783887
361961997
20255162
29221344
260928758
19373710
38146999
73706583
273417431
131497030
16550480
15173291
362301175
16530707
56060828
15769327
58233603
47285504
296083295
43368985
62290422
48410093
268580202
255747911
23948464
32515106
14786217
202696529
52848021
5360012
14281466
22802398
43194755
13058232
12925072
104528362
16302090
135962109
9855132
45577446
24223641
121812725
65987618
21414576
22737278
11178672
14150661
56792882
24807616
16029780
30544925
33342154
972651
7581972
3939681
14173084
21875834
14266598
15639642
16012783
27911608
10235102
16661296
7215512
19621110
38218953
807095
14634720
27740227
24457744
15224867
10340482
89309995
17220934
12726792
15458181
54176768
56495963
23596644
15223265
18713552
13201312
37703408
15575625
33248363
